# # xx, g_mean, g_median, r_mean, r_median
2.928627, 83.787426, 75.298493, 342.097412, 294.355600
8.785881, 24.057700, 22.076633, 86.579394, 78.651276
14.643134, 9.831330, 9.481286, 34.343608, 32.974895
20.500388, 5.169974, 5.121148, 17.765893, 17.500848
26.357642, 3.173653, 3.179838, 10.618731, 10.569095
32.214896, 2.063620, 2.061933, 6.807922, 6.785908
38.072150, 1.414648, 1.422056, 4.671630, 4.704088
43.929403, 1.016143, 1.042285, 3.378474, 3.481505
49.786657, 0.805561, 0.813568, 2.615017, 2.705374
55.643911, 0.635118, 0.646465, 2.100817, 2.203141
61.501165, 0.511120, 0.575637, 1.589279, 1.852325
67.358419, 0.419263, 0.482242, 1.306837, 1.570405
73.215672, 0.393866, 0.415188, 1.190126, 1.331723
79.072926, 0.363029, 0.363464, 1.103712, 1.172509
84.930180, 0.283923, 0.338430, 0.986524, 1.051147
90.787434, 0.220021, 0.306749, 0.882099, 0.963188
96.644688, 0.206868, 0.284110, 0.793005, 0.870459
102.501941, 0.239055, 0.254420, 0.697498, 0.800475
108.359195, 0.229835, 0.234041, 0.692075, 0.752614
114.216449, 0.197532, 0.209726, 0.655475, 0.697087
120.073703, 0.032658, 0.206304, 0.521674, 0.646474
125.930957, 0.062242, 0.189942, 0.469297, 0.600954
131.788210, 0.128521, 0.177040, 0.454053, 0.554140
137.645464, 0.133339, 0.169213, 0.440995, 0.518399
143.502718, 0.150613, 0.157853, 0.453722, 0.485518
149.359972, 0.150819, 0.154084, 0.429606, 0.460726
155.217226, 0.124902, 0.138660, 0.377845, 0.436110
161.074479, 0.139374, 0.135103, 0.385773, 0.416776
166.931733, 0.131312, 0.130788, 0.342780, 0.394765
172.788987, 0.115104, 0.120689, 0.310214, 0.384946
178.646241, 0.108496, 0.117877, 0.337593, 0.367019
184.503494, 0.022928, 0.119893, 0.308767, 0.348150
190.360748, 0.030008, 0.108544, 0.280439, 0.328364
196.218002, 0.097441, 0.102008, 0.288209, 0.310008
202.075256, 0.114654, 0.099826, 0.303391, 0.303477
207.932510, 0.108564, 0.096954, 0.292465, 0.299331
213.789763, 0.095542, 0.088887, 0.280455, 0.280645
219.647017, 0.093957, 0.088077, 0.284516, 0.282806
225.504271, 0.106086, 0.091750, 0.279007, 0.274297
231.361525, 0.104695, 0.090512, 0.271276, 0.273794
237.218779, 0.098290, 0.088881, 0.252305, 0.262807
243.076032, 0.081964, 0.086427, 0.239617, 0.248262
248.933286, 0.101121, 0.085067, 0.251265, 0.239087
254.790540, 0.104193, 0.084410, 0.252612, 0.237641
260.647794, 0.091398, 0.075748, 0.233038, 0.226660
266.505048, 0.071970, 0.069735, 0.203211, 0.221462
272.362301, 0.048793, 0.068284, 0.200157, 0.211776
278.219555, 0.029777, 0.067802, 0.189899, 0.203918
284.076809, 0.064482, 0.064670, 0.183829, 0.199085
289.934063, 0.043959, 0.056559, 0.139681, 0.189760
295.791317, 0.068356, 0.057773, 0.181264, 0.184329
301.648570, 0.067509, 0.056369, 0.190644, 0.185553
307.505824, 0.066922, 0.058341, 0.183870, 0.184786
313.363078, 0.058472, 0.052819, 0.176371, 0.179193
319.220332, 0.064985, 0.052882, 0.178212, 0.170980
325.077586, 0.058403, 0.050508, 0.161355, 0.165531
330.934839, 0.038251, 0.050323, 0.107828, 0.161429
336.792093, 0.039944, 0.044771, 0.129270, 0.158659
342.649347, 0.044170, 0.042566, 0.157158, 0.159375
348.506601, 0.036625, 0.045990, 0.168863, 0.159943
354.363854, 0.020680, 0.041620, 0.128668, 0.154170
360.221108, 0.029001, 0.039852, 0.143666, 0.147553
366.078362, 0.048559, 0.037628, 0.155953, 0.144442
371.935616, 0.051244, 0.037516, 0.156991, 0.146074
377.792870, 0.044889, 0.037097, 0.142674, 0.142044
383.650123, 0.040194, 0.035704, 0.130648, 0.135672
389.507377, 0.030661, 0.032072, 0.136864, 0.132202
395.364631, 0.030389, 0.033190, 0.149045, 0.131743
401.221885, 0.029464, 0.030829, 0.136746, 0.127979
407.079139, 0.028030, 0.027936, 0.115672, 0.121997
412.936392, 0.024594, 0.027543, 0.105705, 0.122834
418.793646, 0.017138, 0.028814, 0.096573, 0.121138
424.650900, 0.006267, 0.026124, 0.085906, 0.119139
430.508154, 0.001172, 0.028135, 0.075003, 0.115088
436.365408, 0.031561, 0.028588, 0.118517, 0.115143
442.222661, 0.032754, 0.026188, 0.125266, 0.119128
448.079915, 0.013937, 0.023027, 0.119970, 0.111770
453.937169, 0.020341, 0.025502, 0.095720, 0.104641
459.794423, 0.031288, 0.021778, 0.103883, 0.102997
465.651677, 0.037166, 0.018896, 0.108797, 0.102591
471.508930, 0.040090, 0.021767, 0.115735, 0.106348
477.366184, 0.017709, 0.018159, 0.091641, 0.102955
483.223438, -0.003551, 0.018380, 0.073879, 0.095742
489.080692, 0.016104, 0.013451, 0.084980, 0.093278
494.937946, 0.023624, 0.016975, 0.095607, 0.093760
500.795199, 0.023968, 0.017230, 0.091400, 0.090658
506.652453, 0.032388, 0.021760, 0.093019, 0.086412
512.509707, 0.024339, 0.023436, 0.093575, 0.088870
518.366961, 0.026608, 0.020170, 0.095052, 0.091931
524.224214, 0.031787, 0.021797, 0.087040, 0.093471
530.081468, 0.022476, 0.023842, 0.080418, 0.095398
535.938722, 0.011110, 0.020878, 0.065364, 0.088250
541.795976, 0.019398, 0.018521, 0.083181, 0.085100
547.653230, 0.037019, 0.024350, 0.105425, 0.091670
553.510483, 0.033924, 0.025620, 0.101736, 0.092612
559.367737, 0.023669, 0.018967, 0.085355, 0.089925
565.224991, 0.018183, 0.016981, 0.081952, 0.080809
571.082245, 0.026034, 0.021512, 0.089296, 0.080169
576.939499, 0.025788, 0.019418, 0.095779, 0.084635
582.796752, 0.031082, 0.020445, 0.097711, 0.087123
588.654006, 0.032906, 0.019203, 0.089442, 0.076935
594.511260, 0.028723, 0.016156, 0.078816, 0.078948
600.368514, 0.024091, 0.017607, 0.072469, 0.079324
606.225768, 0.009883, 0.015763, 0.061396, 0.076086
612.083021, 0.022737, 0.015826, 0.072784, 0.075330
617.940275, 0.023541, 0.016844, 0.063599, 0.071892
623.797529, 0.026662, 0.016555, 0.074465, 0.074513
629.654783, 0.023855, 0.016386, 0.084413, 0.072127
635.512037, 0.016210, 0.018681, 0.082390, 0.079476
641.369290, 0.019040, 0.020222, 0.086653, 0.073231
647.226544, 0.020408, 0.016259, 0.082987, 0.071568
653.083798, 0.015274, 0.014136, 0.061818, 0.071582
658.941052, 0.016109, 0.018767, 0.067289, 0.072040
664.798306, 0.017113, 0.018856, 0.079807, 0.076673
670.655559, 0.008291, 0.018428, 0.067844, 0.073011
676.512813, 0.001547, 0.018177, 0.051028, 0.070258
682.370067, -0.001112, 0.018634, 0.025341, 0.069269
688.227321, 0.006240, 0.017922, 0.046885, 0.066901
694.084574, -0.000486, 0.018839, 0.057627, 0.068497
699.941828, 0.031812, 0.020146, 0.066907, 0.067877
705.799082, 0.042940, 0.015940, 0.065348, 0.065765
711.656336, 0.020326, 0.018062, 0.045893, 0.063832
717.513590, 0.021680, 0.019699, 0.051563, 0.068168
723.370843, 0.025792, 0.014403, 0.073621, 0.067009
729.228097, 0.022847, 0.012308, 0.070237, 0.061392
735.085351, 0.007161, 0.016979, 0.055960, 0.064683
740.942605, 0.028222, 0.019392, 0.071402, 0.060719
746.799859, 0.023057, 0.016826, 0.073605, 0.063739
752.657112, 0.010543, 0.017621, 0.073734, 0.062925
758.514366, 0.013020, 0.021040, 0.072837, 0.062958
764.371620, -0.001082, 0.014624, 0.045119, 0.062845
770.228874, -0.010252, 0.014612, 0.029797, 0.062576
776.086128, -0.008212, 0.014940, 0.055919, 0.064068
781.943381, 0.011423, 0.016289, 0.076955, 0.064457
787.800635, 0.018362, 0.018993, 0.068463, 0.065759
793.657889, 0.018413, 0.016183, 0.058188, 0.061561
799.515143, 0.019475, 0.015175, 0.055324, 0.062382
805.372397, 0.027059, 0.016556, 0.070944, 0.060072
811.229650, 0.023474, 0.015038, 0.070101, 0.059378
817.086904, 0.013933, 0.016280, 0.056993, 0.057513
822.944158, 0.026205, 0.016435, 0.067969, 0.060942
828.801412, 0.024488, 0.015043, 0.064331, 0.055928
834.658666, 0.014907, 0.015522, 0.046749, 0.054821
840.515919, 0.015809, 0.016290, 0.060438, 0.058622
846.373173, 0.015192, 0.017695, 0.063223, 0.056727
852.230427, 0.006901, 0.016348, 0.063382, 0.059832
858.087681, 0.010258, 0.015706, 0.063353, 0.056781
863.944934, 0.016235, 0.014449, 0.060326, 0.058970
869.802188, -0.002752, 0.016228, 0.032066, 0.056092
875.659442, 0.003875, 0.017205, 0.054977, 0.055194
881.516696, 0.015710, 0.014029, 0.058448, 0.052519
887.373950, 0.018098, 0.016307, 0.053585, 0.055582
893.231203, 0.007925, 0.013561, 0.066075, 0.055168
899.088457, 0.004932, 0.014961, 0.070762, 0.058417
904.945711, 0.022548, 0.017097, 0.065672, 0.055830
910.802965, 0.024358, 0.015483, 0.055330, 0.052472
916.660219, 0.028784, 0.015583, 0.074137, 0.055973
922.517472, 0.017125, 0.015390, 0.064123, 0.056105
928.374726, 0.011841, 0.017956, 0.068870, 0.054163
934.231980, 0.008634, 0.015567, 0.053405, 0.051190
940.089234, 0.020420, 0.013214, 0.064174, 0.049519
945.946488, 0.013049, 0.014024, 0.070266, 0.048959
951.803741, -0.004263, 0.012990, 0.051403, 0.052154
957.660995, -0.002337, 0.013646, 0.028005, 0.052044
963.518249, 0.013392, 0.011399, 0.041316, 0.050358
969.375503, 0.017857, 0.015767, 0.040787, 0.051429
975.232757, 0.008494, 0.015022, 0.032220, 0.051697
981.090010, 0.007776, 0.015121, 0.041539, 0.050939
986.947264, 0.010327, 0.012915, 0.060326, 0.051075
992.804518, 0.004555, 0.011591, 0.039987, 0.046719
998.661772, 0.009772, 0.014372, 0.040193, 0.048636
1004.519025, 0.008903, 0.015534, 0.051452, 0.046976
1010.376279, -0.007051, 0.014410, 0.046463, 0.047490
1016.233533, -0.005251, 0.013146, 0.051173, 0.047029
1022.090787, 0.006525, 0.011565, 0.049030, 0.046418
1027.948041, 0.008486, 0.011955, 0.038784, 0.045461
1033.805294, 0.005583, 0.013606, 0.040932, 0.045048
1039.662548, 0.010469, 0.013548, 0.050778, 0.044087
1045.519802, 0.014414, 0.010394, 0.061399, 0.040399
1051.377056, 0.014323, 0.013587, 0.056005, 0.047552
1057.234310, 0.009816, 0.013991, 0.049152, 0.047096
1063.091563, 0.001478, 0.014292, 0.043814, 0.043239
1068.948817, 0.003901, 0.014538, 0.041304, 0.046259
1074.806071, 0.011900, 0.013141, 0.053835, 0.046093
1080.663325, 0.008464, 0.014457, 0.051126, 0.041028
1086.520579, -0.001250, 0.011257, 0.040925, 0.040831
1092.377832, 0.013811, 0.011476, 0.049804, 0.038528
1098.235086, 0.015541, 0.010742, 0.054634, 0.040920
1104.092340, 0.008073, 0.011600, 0.042038, 0.039467
1109.949594, 0.001290, 0.009249, 0.030692, 0.040268
1115.806848, 0.004855, 0.010921, 0.049575, 0.040646
1121.664101, 0.001385, 0.010034, 0.067083, 0.037761
1127.521355, 0.007337, 0.011277, 0.049914, 0.036576
1133.378609, 0.013621, 0.014462, 0.039658, 0.038481
1139.235863, 0.023789, 0.011970, 0.060203, 0.039423
1145.093117, 0.009878, 0.009718, 0.048533, 0.038304
1150.950370, 0.005317, 0.008060, 0.054576, 0.037653
1156.807624, 0.016772, 0.009646, 0.063639, 0.035022
1162.664878, 0.019546, 0.008622, 0.052971, 0.037924
1168.522132, 0.026813, 0.010519, 0.061268, 0.039002
1174.379385, 0.009408, 0.009155, 0.046425, 0.038753
1180.236639, -0.004883, 0.008527, 0.031032, 0.033415
1186.093893, 0.006607, 0.007033, 0.032249, 0.033134
1191.951147, 0.007629, 0.009399, 0.032202, 0.038037
1197.808401, 0.003844, 0.010641, 0.038582, 0.034795
1203.665654, 0.000380, 0.007747, 0.037067, 0.036983
1209.522908, 0.001061, 0.011065, 0.018968, 0.036597
1215.380162, 0.000060, 0.012085, 0.025602, 0.035479
1221.237416, 0.014420, 0.010205, 0.047527, 0.035486
1227.094670, 0.024539, 0.008581, 0.057138, 0.032653
1232.951923, 0.011555, 0.008743, 0.045834, 0.032119
1238.809177, 0.001360, 0.007001, 0.051474, 0.031284
1244.666431, 0.013113, 0.006973, 0.049960, 0.034832
1250.523685, 0.018823, 0.007788, 0.054291, 0.035645
1256.380939, 0.002618, 0.007073, 0.030422, 0.034463
1262.238192, 0.011473, 0.008226, 0.040672, 0.032328
1268.095446, 0.021273, 0.008673, 0.047857, 0.033558
1273.952700, 0.021112, 0.010580, 0.030999, 0.036135
1279.809954, 0.016631, 0.011511, 0.049696, 0.035503
1285.667208, 0.016568, 0.009122, 0.054836, 0.035245
1291.524461, 0.006572, 0.006299, 0.041075, 0.031760
1297.381715, 0.000489, 0.006871, 0.036749, 0.031122
1303.238969, 0.002343, 0.009208, 0.034807, 0.033779
1309.096223, 0.020062, 0.009454, 0.055045, 0.035659
1314.953477, 0.022420, 0.009004, 0.051194, 0.032586
1320.810730, 0.013846, 0.007507, 0.041737, 0.028714
1326.667984, 0.001293, 0.004632, 0.022999, 0.028083
1332.525238, 0.010081, 0.003856, 0.026366, 0.028539
1338.382492, 0.014357, 0.005982, 0.036013, 0.028752
1344.239745, 0.020044, 0.009579, 0.055157, 0.030453
1350.096999, 0.021476, 0.008401, 0.056895, 0.031412
1355.954253, 0.017782, 0.005840, 0.047609, 0.029331
1361.811507, 0.010316, 0.005451, 0.035139, 0.028355
1367.668761, 0.000464, 0.006889, 0.035283, 0.031688
1373.526014, -0.002714, 0.003042, 0.028215, 0.029522
1379.383268, 0.013665, 0.004229, 0.042105, 0.028159
1385.240522, 0.006579, 0.005330, 0.028555, 0.024836
1391.097776, 0.000124, 0.005361, 0.021183, 0.024231
1396.955030, 0.002412, 0.004146, 0.033168, 0.024421
1402.812283, -0.009416, 0.004526, 0.028444, 0.024049
1408.669537, 0.002769, 0.004633, 0.033402, 0.022490
1414.526791, -0.001554, 0.002961, 0.032265, 0.021653
1420.384045, -0.002653, 0.001591, 0.030832, 0.023479
1426.241299, 0.001954, 0.001886, 0.021267, 0.022442
1432.098552, 0.004884, 0.001275, 0.023894, 0.017880
1437.955806, 0.007511, -0.000699, 0.027216, 0.022619
1443.813060, -0.003499, 0.000287, 0.003542, 0.021385
1449.670314, -0.002269, -0.000756, 0.009556, 0.020138
1455.527568, 0.002661, 0.000312, 0.013718, 0.018528
1461.384821, 0.009570, 0.001553, 0.024759, 0.017195
1467.242075, 0.006928, -0.001380, 0.022909, 0.014754
1473.099329, 0.003149, -0.000199, 0.024686, 0.015819
1478.956583, -0.000331, 0.000553, 0.032725, 0.017852
1484.813837, 0.003606, 0.000126, 0.024474, 0.015535
1490.671090, 0.005591, -0.001362, 0.020976, 0.015313
1496.528344, 0.006249, -0.000204, 0.023486, 0.014695
1502.385598, 0.005213, -0.002711, 0.028152, 0.010696
1508.242852, 0.006526, -0.004508, 0.027017, 0.009823
1514.100105, 0.007342, -0.003140, 0.033957, 0.013579
1519.957359, 0.007536, -0.003671, 0.027409, 0.011711
1525.814613, -0.001497, -0.002594, 0.013115, 0.012430
1531.671867, -0.010455, -0.002178, -0.000501, 0.013478
1537.529121, 0.000052, -0.000552, 0.013107, 0.011599
1543.386374, 0.005221, -0.002249, 0.026444, 0.012493
1549.243628, 0.005848, -0.004167, 0.027728, 0.011786
1555.100882, 0.001336, -0.000869, 0.017182, 0.008836
