# # xx, g_mean, g_median, r_mean, r_median
2.928627, 83.833188, 75.326090, 341.784240, 293.991955
8.785881, 23.981222, 21.999025, 86.170165, 78.241614
14.643134, 9.762800, 9.419916, 34.066666, 32.714840
20.500388, 5.134566, 5.087482, 17.624615, 17.359273
26.357642, 3.154316, 3.162520, 10.548076, 10.500608
32.214896, 2.053250, 2.050826, 6.779153, 6.761829
38.072150, 1.407024, 1.416830, 4.635320, 4.675719
43.929403, 1.007449, 1.038374, 3.351437, 3.466722
49.786657, 0.797958, 0.809388, 2.601539, 2.699996
55.643911, 0.634106, 0.647695, 2.092843, 2.200244
61.501165, 0.511169, 0.576975, 1.593377, 1.858739
67.358419, 0.417724, 0.483585, 1.309963, 1.576327
73.215672, 0.391573, 0.416877, 1.187574, 1.334067
79.072926, 0.359906, 0.365165, 1.099259, 1.174222
84.930180, 0.280196, 0.339352, 0.980974, 1.051615
90.787434, 0.219371, 0.309463, 0.878313, 0.962228
96.644688, 0.205963, 0.285656, 0.790137, 0.871532
102.501941, 0.236276, 0.254525, 0.694095, 0.802530
108.359195, 0.227700, 0.234386, 0.691257, 0.755556
114.216449, 0.196731, 0.210982, 0.654609, 0.698976
120.073703, 0.031579, 0.208056, 0.519877, 0.648205
125.930957, 0.059800, 0.191782, 0.464138, 0.602523
131.788210, 0.126870, 0.178058, 0.452699, 0.557773
137.645464, 0.131160, 0.169896, 0.439887, 0.520520
143.502718, 0.149207, 0.159232, 0.453433, 0.488443
149.359972, 0.148542, 0.154975, 0.429162, 0.463155
155.217226, 0.122415, 0.139377, 0.377465, 0.439606
161.074479, 0.137604, 0.135729, 0.385292, 0.419038
166.931733, 0.130504, 0.132322, 0.342872, 0.397966
172.788987, 0.113895, 0.121410, 0.309532, 0.386361
178.646241, 0.105441, 0.117576, 0.335869, 0.367772
184.503494, 0.019591, 0.119897, 0.306100, 0.348225
190.360748, 0.028193, 0.108428, 0.280666, 0.329311
196.218002, 0.095134, 0.101398, 0.287803, 0.310459
202.075256, 0.111116, 0.099145, 0.299435, 0.302116
207.932510, 0.105230, 0.096385, 0.287761, 0.298102
213.789763, 0.091213, 0.087933, 0.274782, 0.279013
219.647017, 0.088072, 0.086450, 0.276538, 0.281518
225.504271, 0.102365, 0.090247, 0.271708, 0.272557
231.361525, 0.093660, 0.089152, 0.251309, 0.271233
237.218779, 0.085053, 0.086280, 0.231228, 0.260904
243.076032, 0.077737, 0.085379, 0.235798, 0.248799
248.933286, 0.097583, 0.084175, 0.248449, 0.239008
254.790540, 0.100184, 0.083485, 0.247670, 0.236627
260.647794, 0.088463, 0.074988, 0.229440, 0.225937
266.505048, 0.068683, 0.068559, 0.199204, 0.220548
272.362301, 0.045983, 0.068030, 0.195917, 0.210248
278.219555, 0.026353, 0.066869, 0.184415, 0.202251
284.076809, 0.060373, 0.063753, 0.177262, 0.196851
289.934063, 0.039925, 0.055357, 0.133191, 0.187827
295.791317, 0.063421, 0.055649, 0.174828, 0.182619
301.648570, 0.063124, 0.055054, 0.184714, 0.183755
307.505824, 0.062530, 0.057315, 0.178681, 0.183108
313.363078, 0.054308, 0.051586, 0.171655, 0.177824
319.220332, 0.060645, 0.051978, 0.174912, 0.171717
325.077586, 0.053936, 0.049438, 0.156746, 0.166296
330.934839, 0.033896, 0.048484, 0.102059, 0.161003
336.792093, 0.036691, 0.044005, 0.124350, 0.157037
342.649347, 0.039837, 0.041466, 0.151483, 0.158615
348.506601, 0.031507, 0.044659, 0.162203, 0.159011
354.363854, 0.015207, 0.039758, 0.120662, 0.152300
360.221108, 0.024625, 0.038638, 0.137031, 0.145621
366.078362, 0.044861, 0.036575, 0.151075, 0.143175
371.935616, 0.047531, 0.036504, 0.153181, 0.145704
377.792870, 0.040995, 0.035977, 0.138097, 0.142066
383.650123, 0.036224, 0.034591, 0.125231, 0.134452
389.507377, 0.026915, 0.031483, 0.132741, 0.132130
395.364631, 0.027017, 0.033053, 0.146199, 0.132928
401.221885, 0.026584, 0.030916, 0.134640, 0.130179
407.079139, 0.025592, 0.028377, 0.112899, 0.123301
412.936392, 0.022129, 0.028038, 0.102972, 0.124358
418.793646, 0.014049, 0.028954, 0.092977, 0.122810
424.650900, 0.002661, 0.025451, 0.082354, 0.119865
430.508154, -0.001492, 0.027844, 0.072101, 0.115575
436.365408, 0.028727, 0.028474, 0.115671, 0.116357
442.222661, 0.029956, 0.026410, 0.122113, 0.119967
448.079915, 0.011937, 0.023728, 0.118907, 0.113305
453.937169, 0.018163, 0.026097, 0.094041, 0.106429
459.794423, 0.028551, 0.022428, 0.100282, 0.104213
465.651677, 0.035045, 0.019281, 0.105674, 0.103625
471.508930, 0.037671, 0.021980, 0.113147, 0.107353
477.366184, 0.015181, 0.018351, 0.088861, 0.104229
483.223438, -0.006738, 0.018116, 0.071271, 0.097305
489.080692, 0.012179, 0.012940, 0.081979, 0.094548
494.937946, 0.020333, 0.016922, 0.092693, 0.094934
500.795199, 0.021110, 0.017086, 0.089000, 0.092173
506.652453, 0.029289, 0.021613, 0.091614, 0.088102
512.509707, 0.020996, 0.023388, 0.090946, 0.089943
518.366961, 0.023200, 0.019762, 0.090267, 0.091056
524.224214, 0.028432, 0.021362, 0.083072, 0.093299
530.081468, 0.019145, 0.023939, 0.076200, 0.096091
535.938722, 0.008652, 0.021195, 0.062552, 0.089162
541.795976, 0.016767, 0.018600, 0.080215, 0.085641
547.653230, 0.035040, 0.024786, 0.103440, 0.093026
553.510483, 0.032233, 0.026475, 0.099958, 0.094317
559.367737, 0.021517, 0.019637, 0.082820, 0.091434
565.224991, 0.016979, 0.018316, 0.075054, 0.082678
571.082245, 0.024978, 0.023146, 0.082020, 0.082822
576.939499, 0.023939, 0.020527, 0.093241, 0.086801
582.796752, 0.029401, 0.021447, 0.095165, 0.088855
588.654006, 0.031655, 0.020668, 0.088356, 0.079534
594.511260, 0.027256, 0.017627, 0.076769, 0.080955
600.368514, 0.022328, 0.018820, 0.069619, 0.080967
606.225768, 0.007528, 0.016653, 0.057764, 0.077442
612.083021, 0.020573, 0.016839, 0.070010, 0.076943
617.940275, 0.021527, 0.017842, 0.061279, 0.073706
623.797529, 0.025207, 0.017402, 0.073074, 0.076025
629.654783, 0.022420, 0.017096, 0.083443, 0.073930
635.512037, 0.014641, 0.019753, 0.080032, 0.081033
641.369290, 0.017521, 0.021552, 0.085225, 0.075628
647.226544, 0.019406, 0.017997, 0.081736, 0.073709
653.083798, 0.014255, 0.015587, 0.060326, 0.073133
658.941052, 0.014665, 0.019699, 0.065465, 0.073343
664.798306, 0.015043, 0.019712, 0.077684, 0.077897
670.655559, 0.006824, 0.019556, 0.066055, 0.074547
676.512813, -0.000963, 0.018876, 0.047631, 0.071300
682.370067, -0.003705, 0.019385, 0.021320, 0.070063
688.227321, 0.004613, 0.019085, 0.044914, 0.068890
694.084574, -0.002069, 0.019836, 0.055963, 0.070094
699.941828, 0.030297, 0.021246, 0.063916, 0.068837
705.799082, 0.041235, 0.016845, 0.061936, 0.067387
711.656336, 0.018599, 0.019094, 0.042642, 0.065375
717.513590, 0.020286, 0.020801, 0.049007, 0.069273
723.370843, 0.024728, 0.015921, 0.071489, 0.068362
729.228097, 0.021791, 0.013944, 0.067935, 0.062682
735.085351, 0.004728, 0.017870, 0.051796, 0.065486
740.942605, 0.025873, 0.020079, 0.067227, 0.061565
746.799859, 0.021212, 0.017735, 0.070235, 0.064789
752.657112, 0.008685, 0.018487, 0.070627, 0.063674
758.514366, 0.010987, 0.021501, 0.069546, 0.063384
764.371620, -0.002804, 0.015351, 0.041727, 0.062856
770.228874, -0.012183, 0.015655, 0.026369, 0.063255
776.086128, -0.010429, 0.015754, 0.052828, 0.064976
781.943381, 0.009240, 0.016497, 0.073602, 0.064866
787.800635, 0.016662, 0.019820, 0.065625, 0.066742
793.657889, 0.016660, 0.016893, 0.055025, 0.062352
799.515143, 0.018280, 0.016019, 0.053288, 0.063605
805.372397, 0.025310, 0.017154, 0.068431, 0.061412
811.229650, 0.021579, 0.015892, 0.067254, 0.060507
817.086904, 0.012193, 0.017165, 0.054417, 0.058877
822.944158, 0.024458, 0.017216, 0.065292, 0.061813
828.801412, 0.022575, 0.015532, 0.061361, 0.056585
834.658666, 0.013117, 0.016056, 0.044814, 0.056066
840.515919, 0.013791, 0.016601, 0.058093, 0.059201
846.373173, 0.013625, 0.018253, 0.061243, 0.057394
852.230427, 0.005242, 0.016841, 0.060143, 0.060121
858.087681, 0.008181, 0.015667, 0.059594, 0.056872
863.944934, 0.014273, 0.014786, 0.057279, 0.059648
869.802188, -0.004199, 0.016722, 0.030287, 0.057562
875.659442, 0.002336, 0.018090, 0.052739, 0.056454
881.516696, 0.014820, 0.014375, 0.059813, 0.053390
887.373950, 0.016669, 0.016257, 0.052028, 0.055818
893.231203, 0.016464, 0.013786, 0.061366, 0.054780
899.088457, 0.019413, 0.015576, 0.066667, 0.058680
904.945711, 0.025769, 0.017585, 0.062233, 0.056793
910.802965, 0.022318, 0.016006, 0.051480, 0.052940
916.660219, 0.026900, 0.016229, 0.071063, 0.056398
922.517472, 0.014689, 0.015557, 0.059404, 0.055749
928.374726, 0.009297, 0.017999, 0.064274, 0.053559
934.231980, 0.006068, 0.015745, 0.048714, 0.050849
940.089234, 0.018139, 0.013482, 0.060180, 0.049250
945.946488, 0.014880, 0.014056, 0.072933, 0.048906
951.803741, -0.001621, 0.012688, 0.056017, 0.051870
957.660995, -0.007888, 0.013646, 0.020610, 0.051757
963.518249, 0.004450, 0.010974, 0.028751, 0.050158
969.375503, 0.013541, 0.015221, 0.034201, 0.050832
975.232757, 0.005980, 0.014755, 0.029792, 0.051753
981.090010, 0.005088, 0.014898, 0.038418, 0.051233
986.947264, 0.007520, 0.012681, 0.056070, 0.050550
992.804518, 0.001513, 0.011091, 0.035996, 0.046329
998.661772, 0.006995, 0.013684, 0.037145, 0.048903
1004.519025, 0.006265, 0.015155, 0.048065, 0.046937
1010.376279, -0.009721, 0.014227, 0.043351, 0.047576
1016.233533, -0.008287, 0.012620, 0.048129, 0.046915
1022.090787, 0.003813, 0.011050, 0.045074, 0.045688
1027.948041, 0.005501, 0.011447, 0.034067, 0.044995
1033.805294, 0.002065, 0.012979, 0.035905, 0.044335
1039.662548, 0.007548, 0.013192, 0.046120, 0.043452
1045.519802, 0.011339, 0.009593, 0.057277, 0.039542
1051.377056, 0.011189, 0.012899, 0.051050, 0.046239
1057.234310, 0.006755, 0.013515, 0.044239, 0.046275
1063.091563, -0.001678, 0.013865, 0.039019, 0.042438
1068.948817, 0.001127, 0.014360, 0.037447, 0.045925
1074.806071, 0.008871, 0.012628, 0.050330, 0.045684
1080.663325, 0.004744, 0.013303, 0.046628, 0.040028
1086.520579, -0.004988, 0.010334, 0.035755, 0.039727
1092.377832, 0.010351, 0.010697, 0.045429, 0.038099
1098.235086, 0.012053, 0.009895, 0.049872, 0.040063
1104.092340, 0.004834, 0.010564, 0.037562, 0.038115
1109.949594, -0.002214, 0.008266, 0.025903, 0.039037
1115.806848, 0.001370, 0.009802, 0.045319, 0.039565
1121.664101, -0.002254, 0.008782, 0.062870, 0.037034
1127.521355, 0.003532, 0.009914, 0.044845, 0.035181
1133.378609, 0.009264, 0.012807, 0.033218, 0.036349
1139.235863, 0.019608, 0.010391, 0.054604, 0.037770
1145.093117, 0.005637, 0.008011, 0.043041, 0.036921
1150.950370, 0.000655, 0.006047, 0.048556, 0.035802
1156.807624, 0.012741, 0.008138, 0.057626, 0.032840
1162.664878, 0.015245, 0.006775, 0.047140, 0.036308
1168.522132, 0.022363, 0.008862, 0.054468, 0.036094
1174.379385, 0.005252, 0.007777, 0.039286, 0.036220
1180.236639, -0.008927, 0.007198, 0.025343, 0.031556
1186.093893, 0.007302, 0.005372, 0.034987, 0.031527
1191.951147, 0.008894, 0.007398, 0.035335, 0.036171
1197.808401, -0.000632, 0.008347, 0.033218, 0.032616
1203.665654, -0.004482, 0.005539, 0.030196, 0.034166
1209.522908, -0.003616, 0.008877, 0.012583, 0.033793
1215.380162, -0.004706, 0.010113, 0.019437, 0.032959
1221.237416, 0.009845, 0.008030, 0.041243, 0.032914
1227.094670, 0.019445, 0.006094, 0.050462, 0.030101
1232.951923, 0.006880, 0.006495, 0.040556, 0.029941
1238.809177, -0.003227, 0.004826, 0.046015, 0.028501
1244.666431, 0.008041, 0.004728, 0.043782, 0.032335
1250.523685, 0.013284, 0.005294, 0.047101, 0.032790
1256.380939, -0.003848, 0.004648, 0.020619, 0.031911
1262.238192, 0.006020, 0.006023, 0.034547, 0.030405
1268.095446, 0.016343, 0.006379, 0.042744, 0.030864
1273.952700, 0.015169, 0.008269, 0.023736, 0.033052
1279.809954, 0.009497, 0.009186, 0.042094, 0.032584
1285.667208, 0.009258, 0.006686, 0.048195, 0.032917
1291.524461, 0.000980, 0.004265, 0.033711, 0.028683
1297.381715, -0.005074, 0.004522, 0.030097, 0.028367
1303.238969, -0.004011, 0.006334, 0.027082, 0.031450
1309.096223, 0.013249, 0.006871, 0.046020, 0.033474
1314.953477, 0.016941, 0.007093, 0.044507, 0.030499
1320.810730, 0.007853, 0.005545, 0.035024, 0.026516
1326.667984, -0.006408, 0.002223, 0.014282, 0.025754
1332.525238, 0.003692, 0.001609, 0.019139, 0.026119
1338.382492, 0.009069, 0.003927, 0.030345, 0.026381
1344.239745, 0.014581, 0.007296, 0.049420, 0.028126
1350.096999, 0.016026, 0.006256, 0.050943, 0.029362
1355.954253, 0.012322, 0.003745, 0.041626, 0.027379
1361.811507, 0.005290, 0.003589, 0.029810, 0.026650
1367.668761, -0.004574, 0.004909, 0.029822, 0.029736
1373.526014, -0.008523, 0.000712, 0.021449, 0.027015
1379.383268, 0.007711, 0.001562, 0.035363, 0.025545
1385.240522, 0.003124, 0.003029, 0.026960, 0.022963
1391.097776, -0.002991, 0.003514, 0.020224, 0.022192
1396.955030, -0.003055, 0.002100, 0.027183, 0.021921
1402.812283, -0.019029, 0.001854, 0.020759, 0.020864
1408.669537, -0.002227, 0.002116, 0.028776, 0.019033
1414.526791, -0.003879, 0.000073, 0.029977, 0.018467
1420.384045, -0.008575, -0.001048, 0.023562, 0.020611
1426.241299, -0.003545, -0.000455, 0.014442, 0.019747
1432.098552, -0.000506, -0.000920, 0.017490, 0.015546
1437.955806, 0.002699, -0.002736, 0.020863, 0.020060
1443.813060, -0.009186, -0.001903, -0.004470, 0.018820
1449.670314, -0.007700, -0.002646, 0.001365, 0.017580
1455.527568, -0.002620, -0.001715, 0.006528, 0.015539
1461.384821, 0.004468, -0.000502, 0.018194, 0.014883
1467.242075, 0.002081, -0.003500, 0.017659, 0.012995
1473.099329, -0.001899, -0.002503, 0.018797, 0.013850
1478.956583, -0.005191, -0.001616, 0.026595, 0.015308
1484.813837, -0.001360, -0.002353, 0.019304, 0.013420
1490.671090, 0.000595, -0.003591, 0.015445, 0.013364
1496.528344, 0.000948, -0.002574, 0.017882, 0.012735
1502.385598, 0.000139, -0.004860, 0.022829, 0.009493
1508.242852, 0.001930, -0.006308, 0.021857, 0.008808
1514.100105, 0.002503, -0.005102, 0.028377, 0.011997
1519.957359, 0.003030, -0.005263, 0.022145, 0.010090
1525.814613, -0.005944, -0.004343, 0.007486, 0.010632
1531.671867, -0.015359, -0.003575, -0.007473, 0.011827
1537.529121, -0.006022, -0.001943, 0.004155, 0.010056
1543.386374, 0.000394, -0.003733, 0.019113, 0.010780
1549.243628, 0.001548, -0.005425, 0.021180, 0.009833
1555.100882, -0.002968, -0.002542, 0.011362, 0.007284
