# # xx, g_mean, g_median, r_mean, r_median
2.928627, 83.809857, 75.233453, 342.095894, 294.023064
8.785881, 23.985475, 22.018574, 86.296344, 78.428363
14.643134, 9.781890, 9.428571, 34.203887, 32.814122
20.500388, 5.125693, 5.079506, 17.648032, 17.373305
26.357642, 3.125867, 3.132237, 10.491950, 10.432125
32.214896, 2.023981, 2.027193, 6.709817, 6.687587
38.072150, 1.395726, 1.407556, 4.601508, 4.645157
43.929403, 1.004483, 1.032020, 3.340590, 3.445012
49.786657, 0.798421, 0.804689, 2.597402, 2.678990
55.643911, 0.635282, 0.645243, 2.096011, 2.192026
61.501165, 0.511778, 0.576320, 1.581360, 1.841323
67.358419, 0.420684, 0.484687, 1.300746, 1.565781
73.215672, 0.392525, 0.414252, 1.189782, 1.330509
79.072926, 0.360124, 0.361167, 1.101877, 1.165360
84.930180, 0.280838, 0.335851, 0.983071, 1.042924
90.787434, 0.218362, 0.306467, 0.880742, 0.956875
96.644688, 0.202506, 0.281007, 0.785178, 0.861114
102.501941, 0.237449, 0.252585, 0.690259, 0.793669
108.359195, 0.229380, 0.232298, 0.687976, 0.745958
114.216449, 0.197107, 0.208812, 0.653935, 0.691171
120.073703, 0.025362, 0.205329, 0.513736, 0.640538
125.930957, 0.056704, 0.189441, 0.458675, 0.594278
131.788210, 0.125543, 0.176286, 0.447460, 0.547897
137.645464, 0.131954, 0.168225, 0.439740, 0.513783
143.502718, 0.150990, 0.157530, 0.453494, 0.481394
149.359972, 0.151296, 0.154169, 0.430539, 0.458320
155.217226, 0.125322, 0.138601, 0.380928, 0.435895
161.074479, 0.139939, 0.134834, 0.386605, 0.413717
166.931733, 0.131338, 0.130184, 0.342397, 0.393068
172.788987, 0.113387, 0.118899, 0.305538, 0.380272
178.646241, 0.105454, 0.115794, 0.332507, 0.362244
184.503494, 0.017567, 0.119202, 0.302093, 0.345481
190.360748, 0.027526, 0.108635, 0.279328, 0.325772
196.218002, 0.096782, 0.101376, 0.288310, 0.307201
202.075256, 0.113359, 0.099897, 0.299765, 0.301583
207.932510, 0.107513, 0.096793, 0.290341, 0.297971
213.789763, 0.096316, 0.089041, 0.283072, 0.280911
219.647017, 0.094145, 0.088089, 0.287445, 0.283366
225.504271, 0.106040, 0.090991, 0.281069, 0.273710
231.361525, 0.099513, 0.090991, 0.262176, 0.273818
237.218779, 0.090177, 0.088484, 0.238026, 0.263794
243.076032, 0.082581, 0.086755, 0.242639, 0.250026
248.933286, 0.100956, 0.084673, 0.254719, 0.239694
254.790540, 0.101514, 0.082357, 0.251175, 0.235727
260.647794, 0.087738, 0.073194, 0.228454, 0.224030
266.505048, 0.070123, 0.069050, 0.200674, 0.220578
272.362301, 0.047125, 0.067130, 0.200492, 0.211739
278.219555, 0.026878, 0.066596, 0.188727, 0.202779
284.076809, 0.061783, 0.063673, 0.179797, 0.196852
289.934063, 0.040474, 0.054472, 0.135756, 0.188191
295.791317, 0.065762, 0.055886, 0.179453, 0.183154
301.648570, 0.066178, 0.055498, 0.189395, 0.184477
307.505824, 0.066921, 0.058583, 0.185109, 0.184377
313.363078, 0.058732, 0.053276, 0.177791, 0.179574
319.220332, 0.065398, 0.053324, 0.180258, 0.171361
325.077586, 0.061460, 0.051026, 0.170316, 0.166743
330.934839, 0.050813, 0.049753, 0.136398, 0.162105
336.792093, 0.045564, 0.044734, 0.141321, 0.158321
342.649347, 0.044608, 0.042866, 0.159237, 0.159815
348.506601, 0.035933, 0.045517, 0.169937, 0.158451
354.363854, 0.018104, 0.039931, 0.125942, 0.152349
360.221108, 0.027208, 0.038588, 0.141998, 0.145542
366.078362, 0.048723, 0.037079, 0.158120, 0.142757
371.935616, 0.052739, 0.036637, 0.162357, 0.145678
377.792870, 0.046399, 0.036980, 0.144786, 0.139733
383.650123, 0.040808, 0.035331, 0.132686, 0.133307
389.507377, 0.030783, 0.031553, 0.140189, 0.130925
395.364631, 0.030206, 0.033015, 0.151474, 0.131067
401.221885, 0.030201, 0.031018, 0.140590, 0.128982
407.079139, 0.029088, 0.028740, 0.118641, 0.124071
412.936392, 0.025459, 0.028237, 0.108275, 0.124203
418.793646, 0.020189, 0.029045, 0.101079, 0.122015
424.650900, 0.014131, 0.026095, 0.098872, 0.118873
430.508154, 0.000622, 0.028626, 0.073334, 0.115016
436.365408, 0.029799, 0.027662, 0.117553, 0.115783
442.222661, 0.032581, 0.025814, 0.127509, 0.119466
448.079915, 0.019007, 0.023400, 0.132945, 0.112905
453.937169, 0.028773, 0.026368, 0.112591, 0.106339
459.794423, 0.034396, 0.022238, 0.110008, 0.104723
465.651677, 0.038595, 0.019533, 0.111013, 0.103640
471.508930, 0.041533, 0.022647, 0.118992, 0.108220
477.366184, 0.019209, 0.019639, 0.095369, 0.105111
483.223438, -0.003872, 0.019074, 0.076503, 0.097826
489.080692, 0.016856, 0.014201, 0.089198, 0.095899
494.937946, 0.023438, 0.017603, 0.098710, 0.095850
500.795199, 0.023791, 0.017672, 0.094202, 0.093351
506.652453, 0.033377, 0.023098, 0.097908, 0.089301
512.509707, 0.026167, 0.024724, 0.099632, 0.091580
518.366961, 0.027720, 0.021196, 0.099649, 0.093472
524.224214, 0.031936, 0.021865, 0.089335, 0.094123
530.081468, 0.021074, 0.024050, 0.080496, 0.096715
535.938722, 0.013183, 0.021587, 0.071039, 0.090878
541.795976, 0.027071, 0.019544, 0.101152, 0.087358
547.653230, 0.039547, 0.025003, 0.111831, 0.093077
553.510483, 0.033596, 0.025671, 0.103723, 0.094380
559.367737, 0.023285, 0.018595, 0.087526, 0.090405
565.224991, 0.018438, 0.017372, 0.083970, 0.081008
571.082245, 0.027172, 0.022657, 0.093513, 0.082153
576.939499, 0.027155, 0.020865, 0.101740, 0.087983
582.796752, 0.032672, 0.021922, 0.102197, 0.090208
588.654006, 0.034805, 0.021118, 0.094581, 0.080606
594.511260, 0.030799, 0.018352, 0.083114, 0.082065
600.368514, 0.025042, 0.018667, 0.075763, 0.081884
606.225768, 0.010072, 0.016884, 0.064318, 0.078913
612.083021, 0.023954, 0.017880, 0.077624, 0.079460
617.940275, 0.024190, 0.017761, 0.067021, 0.075372
623.797529, 0.028342, 0.018123, 0.079275, 0.078114
629.654783, 0.024581, 0.017631, 0.089298, 0.076139
635.512037, 0.017050, 0.020443, 0.086094, 0.082403
641.369290, 0.019771, 0.021711, 0.090810, 0.075771
647.226544, 0.021821, 0.017616, 0.085996, 0.072870
653.083798, 0.018942, 0.015357, 0.069689, 0.073850
658.941052, 0.017154, 0.019646, 0.071109, 0.074827
664.798306, 0.016656, 0.019429, 0.082476, 0.078858
670.655559, 0.007424, 0.018710, 0.068958, 0.074748
676.512813, 0.000262, 0.018035, 0.052042, 0.072339
682.370067, -0.001283, 0.019282, 0.026344, 0.071749
688.227321, 0.007583, 0.019181, 0.049678, 0.069519
694.084574, -0.000397, 0.019481, 0.060219, 0.070815
699.941828, 0.033506, 0.021118, 0.070894, 0.070207
705.799082, 0.044945, 0.016762, 0.069534, 0.068827
711.656336, 0.021245, 0.019165, 0.049168, 0.067022
717.513590, 0.022920, 0.020964, 0.055821, 0.071603
723.370843, 0.027255, 0.015859, 0.078298, 0.070352
729.228097, 0.023636, 0.013469, 0.074673, 0.064495
735.085351, 0.007127, 0.017975, 0.059530, 0.068740
740.942605, 0.028280, 0.020436, 0.074348, 0.064311
746.799859, 0.023263, 0.018087, 0.076524, 0.066198
752.657112, 0.010901, 0.018790, 0.078487, 0.066699
758.514366, 0.013672, 0.021907, 0.077437, 0.065631
764.371620, 0.008486, 0.015754, 0.061193, 0.065923
770.228874, -0.000454, 0.016534, 0.047908, 0.067836
776.086128, -0.005025, 0.016912, 0.063750, 0.068062
781.943381, 0.011668, 0.017324, 0.080628, 0.068342
787.800635, 0.017957, 0.019944, 0.070480, 0.069137
793.657889, 0.018611, 0.017261, 0.061356, 0.064876
799.515143, 0.020637, 0.016543, 0.060681, 0.066669
805.372397, 0.028164, 0.017766, 0.076417, 0.064282
811.229650, 0.023639, 0.016183, 0.073418, 0.062667
817.086904, 0.013554, 0.016817, 0.059702, 0.060356
822.944158, 0.027087, 0.017467, 0.071417, 0.064039
828.801412, 0.025366, 0.015808, 0.068060, 0.059000
834.658666, 0.015680, 0.016576, 0.050925, 0.058169
840.515919, 0.017094, 0.017788, 0.064644, 0.060962
846.373173, 0.015649, 0.018725, 0.066478, 0.059416
852.230427, 0.007813, 0.018167, 0.066696, 0.062852
858.087681, 0.010573, 0.016771, 0.066580, 0.059343
863.944934, 0.017856, 0.016190, 0.065139, 0.061809
869.802188, -0.001056, 0.017722, 0.037886, 0.059256
875.659442, 0.006386, 0.018817, 0.061494, 0.057692
881.516696, 0.016728, 0.015287, 0.061481, 0.054752
887.373950, 0.019526, 0.017934, 0.056765, 0.057665
893.231203, 0.008765, 0.015148, 0.069724, 0.058072
899.088457, 0.006022, 0.016886, 0.074385, 0.062054
904.945711, 0.024637, 0.019541, 0.069207, 0.058801
910.802965, 0.026232, 0.018032, 0.057750, 0.055136
916.660219, 0.029761, 0.017016, 0.077043, 0.058677
922.517472, 0.018500, 0.016888, 0.067696, 0.058697
928.374726, 0.016812, 0.019673, 0.078642, 0.056806
934.231980, 0.013030, 0.017106, 0.061875, 0.054007
940.089234, 0.022511, 0.015346, 0.068872, 0.052612
945.946488, 0.014844, 0.016208, 0.074665, 0.052179
951.803741, -0.001863, 0.014809, 0.057526, 0.055518
957.660995, -0.003725, 0.015497, 0.028978, 0.055564
963.518249, 0.010093, 0.013479, 0.038389, 0.054379
969.375503, 0.019403, 0.017807, 0.043412, 0.054460
975.232757, 0.010651, 0.017314, 0.036905, 0.055463
981.090010, 0.010334, 0.017960, 0.046685, 0.055241
986.947264, 0.012651, 0.015426, 0.064905, 0.054792
992.804518, 0.007117, 0.014523, 0.044953, 0.051429
998.661772, 0.012458, 0.017267, 0.045395, 0.053418
1004.519025, 0.011555, 0.018314, 0.057026, 0.051713
1010.376279, -0.004474, 0.017337, 0.051811, 0.051632
1016.233533, -0.002932, 0.016242, 0.056276, 0.051399
1022.090787, 0.008964, 0.014000, 0.054038, 0.050372
1027.948041, 0.011490, 0.014583, 0.043895, 0.050509
1033.805294, 0.008021, 0.016214, 0.045216, 0.048776
1039.662548, 0.012964, 0.016090, 0.055703, 0.048028
1045.519802, 0.017161, 0.012669, 0.067565, 0.044154
1051.377056, 0.017156, 0.015553, 0.061979, 0.051191
1057.234310, 0.012270, 0.016406, 0.053513, 0.050096
1063.091563, 0.003139, 0.016057, 0.048436, 0.046554
1068.948817, 0.005927, 0.016438, 0.046300, 0.049973
1074.806071, 0.014524, 0.015403, 0.059634, 0.049145
1080.663325, 0.010320, 0.016733, 0.054908, 0.044195
1086.520579, 0.000902, 0.014261, 0.044622, 0.043929
1092.377832, 0.016440, 0.014110, 0.054202, 0.041851
1098.235086, 0.018363, 0.013192, 0.058805, 0.043610
1104.092340, 0.010331, 0.013803, 0.046143, 0.042328
1109.949594, 0.002893, 0.011103, 0.032593, 0.042107
1115.806848, 0.006443, 0.012732, 0.051585, 0.042070
1121.664101, 0.002897, 0.012072, 0.070770, 0.039984
1127.521355, 0.009816, 0.013672, 0.053576, 0.039466
1133.378609, 0.016245, 0.016531, 0.042991, 0.040326
1139.235863, 0.026234, 0.013781, 0.064012, 0.041360
1145.093117, 0.011945, 0.010931, 0.052923, 0.041232
1150.950370, 0.007112, 0.009583, 0.057552, 0.039329
1156.807624, 0.019345, 0.011375, 0.067391, 0.036866
1162.664878, 0.021643, 0.010261, 0.056187, 0.039749
1168.522132, 0.029241, 0.012047, 0.064194, 0.040908
1174.379385, 0.011232, 0.010840, 0.047995, 0.040606
1180.236639, -0.003089, 0.010613, 0.033038, 0.035789
1186.093893, 0.009037, 0.009020, 0.035911, 0.035769
1191.951147, 0.009438, 0.011194, 0.034144, 0.040250
1197.808401, 0.005804, 0.012029, 0.041656, 0.036354
1203.665654, 0.007320, 0.008632, 0.047877, 0.038493
1209.522908, 0.017274, 0.012116, 0.041247, 0.038770
1215.380162, 0.007963, 0.013460, 0.039061, 0.037314
1221.237416, 0.019073, 0.011108, 0.054906, 0.036698
1227.094670, 0.025500, 0.009042, 0.057975, 0.033219
1232.951923, 0.012443, 0.009531, 0.047632, 0.033782
1238.809177, 0.001835, 0.007474, 0.054660, 0.032911
1244.666431, 0.013623, 0.007282, 0.052121, 0.035840
1250.523685, 0.019470, 0.008249, 0.056241, 0.036818
1256.380939, 0.002157, 0.007922, 0.028225, 0.035285
1262.238192, 0.011668, 0.008776, 0.041415, 0.034014
1268.095446, 0.021864, 0.008902, 0.049462, 0.035098
1273.952700, 0.021065, 0.010880, 0.031641, 0.037539
1279.809954, 0.015522, 0.011591, 0.051326, 0.036434
1285.667208, 0.014840, 0.008620, 0.057007, 0.035883
1291.524461, 0.006019, 0.006181, 0.041443, 0.032307
1297.381715, 0.000035, 0.006629, 0.037303, 0.031295
1303.238969, 0.001136, 0.009030, 0.033628, 0.034621
1309.096223, 0.019216, 0.009596, 0.052932, 0.036372
1314.953477, 0.023099, 0.009555, 0.051963, 0.033668
1320.810730, 0.013864, 0.008136, 0.042186, 0.029902
1326.667984, -0.001881, 0.004654, 0.019028, 0.029204
1332.525238, 0.008575, 0.004002, 0.024396, 0.029366
1338.382492, 0.015176, 0.006754, 0.037510, 0.029947
1344.239745, 0.021168, 0.010193, 0.057782, 0.031945
1350.096999, 0.022215, 0.008617, 0.059513, 0.032794
1355.954253, 0.018287, 0.005841, 0.049844, 0.030188
1361.811507, 0.010310, 0.005339, 0.035812, 0.029014
1367.668761, 0.000150, 0.006752, 0.035872, 0.032437
1373.526014, -0.002694, 0.003133, 0.028392, 0.029875
1379.383268, 0.014780, 0.004096, 0.043529, 0.028593
1385.240522, 0.012612, 0.005111, 0.037558, 0.026147
1391.097776, 0.002661, 0.005490, 0.024935, 0.025232
1396.955030, 0.003126, 0.003604, 0.036154, 0.024560
1402.812283, -0.010757, 0.004280, 0.034189, 0.024001
1408.669537, 0.000235, 0.004014, 0.033292, 0.022439
1414.526791, -0.002291, 0.002541, 0.032594, 0.022171
1420.384045, -0.003135, 0.001146, 0.031622, 0.023891
1426.241299, 0.001410, 0.001604, 0.021256, 0.022437
1432.098552, 0.004708, 0.000992, 0.023527, 0.017296
1437.955806, 0.007612, -0.001545, 0.027529, 0.021514
1443.813060, -0.004285, -0.000867, 0.001240, 0.019982
1449.670314, -0.003049, -0.001751, 0.007458, 0.018642
1455.527568, 0.001420, -0.001003, 0.012791, 0.017524
1461.384821, 0.008921, 0.000776, 0.024223, 0.016224
1467.242075, 0.008651, -0.002139, 0.026328, 0.014549
1473.099329, 0.006133, -0.000729, 0.030616, 0.016030
1478.956583, 0.000186, 0.000087, 0.035167, 0.017472
1484.813837, 0.003970, -0.000333, 0.026769, 0.015143
1490.671090, 0.006496, -0.002060, 0.024349, 0.014860
1496.528344, 0.006714, -0.000576, 0.024677, 0.014438
1502.385598, 0.005355, -0.003138, 0.029012, 0.010559
1508.242852, 0.006561, -0.005199, 0.028190, 0.009815
1514.100105, 0.007542, -0.003607, 0.035975, 0.013768
1519.957359, 0.008319, -0.002937, 0.028935, 0.012176
1525.814613, -0.000182, -0.002448, 0.014566, 0.012811
1531.671867, -0.010401, -0.002674, -0.000018, 0.013424
1537.529121, -0.001840, -0.001006, 0.011285, 0.011830
1543.386374, 0.006665, -0.002246, 0.029848, 0.012732
1549.243628, 0.009575, -0.004389, 0.034725, 0.011906
1555.100882, 0.002782, -0.001585, 0.020785, 0.008198
