# # xx, g_mean, g_median, r_mean, r_median
2.928627, 83.853272, 75.366230, 341.797852, 294.143876
8.785881, 24.056557, 22.076688, 86.505455, 78.588742
14.643134, 9.821506, 9.474737, 34.298724, 32.934382
20.500388, 5.166271, 5.118326, 17.750527, 17.487077
26.357642, 3.174805, 3.179475, 10.617077, 10.562807
32.214896, 2.066845, 2.061881, 6.815454, 6.786425
38.072150, 1.417170, 1.423852, 4.672078, 4.701774
43.929403, 1.016980, 1.043803, 3.379939, 3.485213
49.786657, 0.801825, 0.810634, 2.614015, 2.706599
55.643911, 0.634130, 0.645732, 2.098307, 2.201380
61.501165, 0.512160, 0.575263, 1.594784, 1.855190
67.358419, 0.418630, 0.481787, 1.309135, 1.571620
73.215672, 0.391350, 0.413121, 1.189803, 1.332199
79.072926, 0.360507, 0.361877, 1.100054, 1.171299
84.930180, 0.281039, 0.336091, 0.982805, 1.050453
90.787434, 0.220482, 0.306129, 0.881093, 0.961752
96.644688, 0.205963, 0.281973, 0.790747, 0.868415
102.501941, 0.236337, 0.252012, 0.695670, 0.798623
108.359195, 0.227285, 0.231688, 0.689907, 0.750150
114.216449, 0.197071, 0.209121, 0.656092, 0.695295
120.073703, 0.033883, 0.205255, 0.522892, 0.645528
125.930957, 0.062001, 0.188479, 0.469073, 0.600489
131.788210, 0.127641, 0.175695, 0.454261, 0.553880
137.645464, 0.131731, 0.167161, 0.440907, 0.516813
143.502718, 0.148958, 0.156025, 0.454173, 0.484406
149.359972, 0.149020, 0.152055, 0.429598, 0.459633
155.217226, 0.123500, 0.137269, 0.378644, 0.435823
161.074479, 0.138708, 0.133875, 0.386875, 0.416079
166.931733, 0.130624, 0.129552, 0.344343, 0.394975
172.788987, 0.114316, 0.119507, 0.310932, 0.384124
178.646241, 0.107052, 0.116383, 0.337940, 0.366478
184.503494, 0.022508, 0.118003, 0.309696, 0.347661
190.360748, 0.029377, 0.106814, 0.281579, 0.328063
196.218002, 0.095525, 0.099817, 0.286609, 0.308431
202.075256, 0.112330, 0.097839, 0.301921, 0.301918
207.932510, 0.106499, 0.095021, 0.291033, 0.297444
213.789763, 0.093851, 0.087241, 0.280044, 0.279548
219.647017, 0.091869, 0.086241, 0.283607, 0.281395
225.504271, 0.103442, 0.089694, 0.276376, 0.272684
231.361525, 0.096320, 0.088454, 0.257641, 0.271355
237.218779, 0.087390, 0.086157, 0.233340, 0.260489
243.076032, 0.079565, 0.084645, 0.236802, 0.247303
248.933286, 0.099049, 0.083077, 0.249928, 0.237247
254.790540, 0.101204, 0.081983, 0.250092, 0.235354
260.647794, 0.088643, 0.073247, 0.230850, 0.225006
266.505048, 0.069356, 0.067224, 0.201083, 0.219658
272.362301, 0.046875, 0.066410, 0.197959, 0.209870
278.219555, 0.027683, 0.065511, 0.187856, 0.201911
284.076809, 0.062281, 0.062610, 0.182182, 0.196760
289.934063, 0.041596, 0.053997, 0.137533, 0.187515
295.791317, 0.065475, 0.054997, 0.178828, 0.182479
301.648570, 0.065284, 0.054153, 0.188905, 0.183602
307.505824, 0.064646, 0.056489, 0.182502, 0.183105
313.363078, 0.056002, 0.050289, 0.174835, 0.177082
319.220332, 0.062456, 0.050406, 0.177965, 0.169806
325.077586, 0.055821, 0.048106, 0.160770, 0.164308
330.934839, 0.035232, 0.047533, 0.105402, 0.158834
336.792093, 0.037563, 0.042576, 0.126677, 0.155660
342.649347, 0.041584, 0.040373, 0.155283, 0.157688
348.506601, 0.034108, 0.044046, 0.166212, 0.157977
354.363854, 0.017737, 0.038992, 0.125695, 0.152073
360.221108, 0.026749, 0.037778, 0.142016, 0.145611
366.078362, 0.046350, 0.035574, 0.155117, 0.143127
371.935616, 0.049423, 0.035736, 0.156130, 0.145058
377.792870, 0.043056, 0.035452, 0.141353, 0.140825
383.650123, 0.038546, 0.033643, 0.129915, 0.134082
389.507377, 0.028864, 0.029786, 0.135454, 0.130344
395.364631, 0.028369, 0.031405, 0.146997, 0.129972
401.221885, 0.027554, 0.029201, 0.135232, 0.126676
407.079139, 0.026424, 0.026354, 0.114829, 0.120758
412.936392, 0.023094, 0.025969, 0.105061, 0.121962
418.793646, 0.015291, 0.027179, 0.095436, 0.120449
424.650900, 0.003951, 0.023640, 0.085131, 0.117755
430.508154, -0.000473, 0.026102, 0.073457, 0.113390
436.365408, 0.029712, 0.026515, 0.117505, 0.114011
442.222661, 0.031241, 0.024278, 0.124924, 0.117933
448.079915, 0.012791, 0.021465, 0.120603, 0.111441
453.937169, 0.018833, 0.024101, 0.095460, 0.104419
459.794423, 0.028878, 0.020147, 0.101835, 0.102276
465.651677, 0.035181, 0.017020, 0.107596, 0.101696
471.508930, 0.037990, 0.019885, 0.114899, 0.105584
477.366184, 0.015848, 0.016363, 0.090679, 0.101885
483.223438, -0.004757, 0.017009, 0.074107, 0.095138
489.080692, 0.014653, 0.012163, 0.085286, 0.093056
494.937946, 0.021762, 0.015501, 0.096210, 0.093848
500.795199, 0.021942, 0.016131, 0.092434, 0.091087
506.652453, 0.030896, 0.020526, 0.093766, 0.086579
512.509707, 0.022702, 0.022122, 0.093220, 0.088779
518.366961, 0.024760, 0.018740, 0.093504, 0.090497
524.224214, 0.029857, 0.019963, 0.086074, 0.091985
530.081468, 0.020204, 0.022155, 0.078437, 0.094189
535.938722, 0.009702, 0.019459, 0.064567, 0.087397
541.795976, 0.018340, 0.017415, 0.082911, 0.084288
547.653230, 0.036030, 0.023326, 0.105540, 0.091342
553.510483, 0.032607, 0.024301, 0.101552, 0.092428
559.367737, 0.022134, 0.017516, 0.084759, 0.089703
565.224991, 0.017316, 0.015977, 0.081632, 0.080288
571.082245, 0.025271, 0.020811, 0.089440, 0.080140
576.939499, 0.024642, 0.018275, 0.095967, 0.084447
582.796752, 0.029778, 0.018994, 0.097253, 0.086367
588.654006, 0.032111, 0.018452, 0.090068, 0.077172
594.511260, 0.027902, 0.015484, 0.079156, 0.079124
600.368514, 0.023028, 0.016610, 0.072277, 0.078756
606.225768, 0.008735, 0.014738, 0.060761, 0.075237
612.083021, 0.021721, 0.015024, 0.072675, 0.075045
617.940275, 0.022257, 0.015893, 0.063517, 0.071653
623.797529, 0.025646, 0.015506, 0.075111, 0.074499
629.654783, 0.022882, 0.015337, 0.084977, 0.071931
635.512037, 0.015556, 0.017987, 0.082192, 0.079170
641.369290, 0.018636, 0.019864, 0.086934, 0.073391
647.226544, 0.020033, 0.016035, 0.083033, 0.071370
653.083798, 0.014730, 0.013662, 0.062146, 0.071317
658.941052, 0.015490, 0.017977, 0.067246, 0.071436
664.798306, 0.016080, 0.017703, 0.079466, 0.075906
670.655559, 0.007566, 0.017403, 0.067368, 0.071905
676.512813, 0.000616, 0.017149, 0.050762, 0.069780
682.370067, -0.002063, 0.017783, 0.024942, 0.068628
688.227321, 0.005889, 0.017428, 0.047053, 0.066806
694.084574, -0.000970, 0.018110, 0.057338, 0.067843
699.941828, 0.030857, 0.019366, 0.066117, 0.066992
705.799082, 0.042050, 0.015359, 0.064920, 0.065376
711.656336, 0.019763, 0.017414, 0.046071, 0.063344
717.513590, 0.021345, 0.019100, 0.052085, 0.067463
723.370843, 0.025071, 0.013951, 0.073555, 0.066757
729.228097, 0.021937, 0.011749, 0.069608, 0.060925
735.085351, 0.006087, 0.016174, 0.054752, 0.063872
740.942605, 0.027145, 0.018651, 0.070559, 0.060235
746.799859, 0.022472, 0.016237, 0.072801, 0.062730
752.657112, 0.010022, 0.016909, 0.073477, 0.062356
758.514366, 0.012492, 0.020332, 0.071985, 0.061713
764.371620, -0.001657, 0.013684, 0.044621, 0.061822
770.228874, -0.009802, 0.014274, 0.030305, 0.061818
776.086128, -0.007954, 0.014530, 0.056163, 0.063788
781.943381, 0.011179, 0.015783, 0.076588, 0.064116
787.800635, 0.017984, 0.018533, 0.068060, 0.065508
793.657889, 0.018141, 0.015761, 0.058076, 0.061306
799.515143, 0.019562, 0.014923, 0.055849, 0.062237
805.372397, 0.026909, 0.016263, 0.071536, 0.059988
811.229650, 0.023449, 0.014969, 0.070547, 0.059459
817.086904, 0.013801, 0.016105, 0.057264, 0.057549
822.944158, 0.025983, 0.016141, 0.068287, 0.060611
828.801412, 0.024484, 0.014735, 0.064565, 0.055601
834.658666, 0.014941, 0.015229, 0.047407, 0.054882
840.515919, 0.015590, 0.015884, 0.060609, 0.058372
846.373173, 0.015070, 0.017312, 0.063599, 0.056709
852.230427, 0.007280, 0.016385, 0.063744, 0.059920
858.087681, 0.010549, 0.015666, 0.063516, 0.056663
863.944934, 0.016266, 0.014372, 0.060276, 0.058911
869.802188, -0.002354, 0.016162, 0.033111, 0.056633
875.659442, 0.004386, 0.017319, 0.055430, 0.055436
881.516696, 0.015825, 0.014027, 0.058556, 0.052898
887.373950, 0.018417, 0.016465, 0.054038, 0.056309
893.231203, 0.008247, 0.013713, 0.066010, 0.055410
899.088457, 0.005715, 0.015482, 0.070774, 0.058753
904.945711, 0.022822, 0.017598, 0.065929, 0.056447
910.802965, 0.024082, 0.015706, 0.055064, 0.052994
916.660219, 0.028658, 0.015763, 0.074110, 0.056551
922.517472, 0.017267, 0.015728, 0.063587, 0.056616
928.374726, 0.012038, 0.018081, 0.068595, 0.054413
934.231980, 0.009434, 0.016209, 0.053886, 0.051594
940.089234, 0.021126, 0.013942, 0.065009, 0.049813
945.946488, 0.013958, 0.014624, 0.071545, 0.049650
951.803741, -0.003664, 0.013390, 0.052518, 0.052901
957.660995, -0.005286, 0.013905, 0.025007, 0.053047
963.518249, 0.008731, 0.011734, 0.035973, 0.051396
969.375503, 0.017177, 0.016095, 0.040407, 0.052043
975.232757, 0.009279, 0.015536, 0.034248, 0.052846
981.090010, 0.008994, 0.016025, 0.043922, 0.052400
986.947264, 0.011375, 0.013740, 0.061774, 0.052385
992.804518, 0.005266, 0.012109, 0.041323, 0.047833
998.661772, 0.010227, 0.014735, 0.041957, 0.050236
1004.519025, 0.009580, 0.016177, 0.052959, 0.048184
1010.376279, -0.005917, 0.015056, 0.048362, 0.048534
1016.233533, -0.004279, 0.013723, 0.052803, 0.047905
1022.090787, 0.007429, 0.012226, 0.050442, 0.047542
1027.948041, 0.009270, 0.012523, 0.039714, 0.046434
1033.805294, 0.006478, 0.014218, 0.041861, 0.045570
1039.662548, 0.011514, 0.014311, 0.051944, 0.044693
1045.519802, 0.014975, 0.010665, 0.062417, 0.041091
1051.377056, 0.014965, 0.014032, 0.056636, 0.047860
1057.234310, 0.010850, 0.014735, 0.050344, 0.047896
1063.091563, 0.002766, 0.015073, 0.045339, 0.044052
1068.948817, 0.005022, 0.015228, 0.043466, 0.047455
1074.806071, 0.012531, 0.013742, 0.055174, 0.047014
1080.663325, 0.009054, 0.014961, 0.052014, 0.041712
1086.520579, -0.000243, 0.012024, 0.041951, 0.041598
1092.377832, 0.015042, 0.012461, 0.051192, 0.039819
1098.235086, 0.016934, 0.012024, 0.055829, 0.041920
1104.092340, 0.009481, 0.012659, 0.043207, 0.040297
1109.949594, 0.002477, 0.010358, 0.032260, 0.041516
1115.806848, 0.005955, 0.011729, 0.050818, 0.041614
1121.664101, 0.002659, 0.010863, 0.068415, 0.038873
1127.521355, 0.008359, 0.011968, 0.051427, 0.037714
1133.378609, 0.014283, 0.014931, 0.041014, 0.039343
1139.235863, 0.024320, 0.012513, 0.061266, 0.040254
1145.093117, 0.010565, 0.010142, 0.049731, 0.039319
1150.950370, 0.005803, 0.008268, 0.055526, 0.038469
1156.807624, 0.017651, 0.010282, 0.064752, 0.036023
1162.664878, 0.020508, 0.009282, 0.054332, 0.038784
1168.522132, 0.027486, 0.010918, 0.062137, 0.039370
1174.379385, 0.010425, 0.009678, 0.047528, 0.039275
1180.236639, -0.003798, 0.009090, 0.032660, 0.034135
1186.093893, 0.007686, 0.007569, 0.033926, 0.033913
1191.951147, 0.008702, 0.009981, 0.033844, 0.038860
1197.808401, 0.004430, 0.011092, 0.039060, 0.035189
1203.665654, 0.000728, 0.007839, 0.037442, 0.037256
1209.522908, 0.001431, 0.011007, 0.019622, 0.036980
1215.380162, 0.000686, 0.012194, 0.026611, 0.036006
1221.237416, 0.015161, 0.010468, 0.048347, 0.035772
1227.094670, 0.024723, 0.008624, 0.057272, 0.032656
1232.951923, 0.012035, 0.008958, 0.046299, 0.032243
1238.809177, 0.002007, 0.007297, 0.052193, 0.031507
1244.666431, 0.013387, 0.007053, 0.050588, 0.035087
1250.523685, 0.018509, 0.007568, 0.053748, 0.035476
1256.380939, 0.001562, 0.006899, 0.027286, 0.034382
1262.238192, 0.011162, 0.008270, 0.040216, 0.032660
1268.095446, 0.021428, 0.008944, 0.048317, 0.033814
1273.952700, 0.021540, 0.010945, 0.031917, 0.036299
1279.809954, 0.015897, 0.011772, 0.050483, 0.035780
1285.667208, 0.015230, 0.009439, 0.055304, 0.035776
1291.524461, 0.006647, 0.006591, 0.040801, 0.031581
1297.381715, 0.001071, 0.007087, 0.036923, 0.031177
1303.238969, 0.002511, 0.009405, 0.034501, 0.034201
1309.096223, 0.019458, 0.009677, 0.053032, 0.036045
1314.953477, 0.022596, 0.009262, 0.051444, 0.033330
1320.810730, 0.013638, 0.007695, 0.041929, 0.029137
1326.667984, -0.000961, 0.004661, 0.019994, 0.028353
1332.525238, 0.008813, 0.003890, 0.024334, 0.028492
1338.382492, 0.014696, 0.006227, 0.036463, 0.028890
1344.239745, 0.020357, 0.009534, 0.055967, 0.030712
1350.096999, 0.021799, 0.008393, 0.057470, 0.031719
1355.954253, 0.017840, 0.005756, 0.048244, 0.029711
1361.811507, 0.010545, 0.005409, 0.035723, 0.028521
1367.668761, 0.000944, 0.006978, 0.036514, 0.032280
1373.526014, -0.002165, 0.002976, 0.029409, 0.029987
1379.383268, 0.013645, 0.004106, 0.042440, 0.028425
1385.240522, 0.006949, 0.005385, 0.029426, 0.025598
1391.097776, 0.000845, 0.005832, 0.022344, 0.025141
1396.955030, 0.002777, 0.004376, 0.033793, 0.024720
1402.812283, -0.012075, 0.004877, 0.029303, 0.024518
1408.669537, 0.001134, 0.004819, 0.033531, 0.022694
1414.526791, -0.001482, 0.002880, 0.032468, 0.021861
1420.384045, -0.002234, 0.001646, 0.031473, 0.023770
1426.241299, 0.002074, 0.001977, 0.021694, 0.022495
1432.098552, 0.004707, 0.001304, 0.024280, 0.018193
1437.955806, 0.007609, -0.000618, 0.027806, 0.022826
1443.813060, -0.003234, 0.000602, 0.003312, 0.021717
1449.670314, -0.002235, -0.000514, 0.008711, 0.020366
1455.527568, 0.002885, 0.000359, 0.014048, 0.018543
1461.384821, 0.009676, 0.001544, 0.024912, 0.017099
1467.242075, 0.007275, -0.001297, 0.023902, 0.015274
1473.099329, 0.003661, -0.000116, 0.025683, 0.016489
1478.956583, 0.000243, 0.000696, 0.033562, 0.018212
1484.813837, 0.004208, 0.000270, 0.025788, 0.015976
1490.671090, 0.005875, -0.001417, 0.022020, 0.015997
1496.528344, 0.006323, -0.000349, 0.024092, 0.014856
1502.385598, 0.005432, -0.002670, 0.028671, 0.011127
1508.242852, 0.006807, -0.004372, 0.027621, 0.010607
1514.100105, 0.007453, -0.003156, 0.034621, 0.014205
1519.957359, 0.008066, -0.003346, 0.028455, 0.012383
1525.814613, -0.000930, -0.002511, 0.014253, 0.012921
1531.671867, -0.010926, -0.002363, -0.000746, 0.013781
1537.529121, -0.001487, -0.000665, 0.011035, 0.011980
1543.386374, 0.004707, -0.002458, 0.025807, 0.012436
1549.243628, 0.005692, -0.004242, 0.027574, 0.011577
1555.100882, 0.001341, -0.000985, 0.017317, 0.008883
