# # xx, g_mean, g_median, r_mean, r_median
2.928627, 83.506744, 75.046561, 340.272187, 292.791851
8.785881, 24.028818, 22.059699, 86.426254, 78.568366
14.643134, 9.815432, 9.468993, 34.302687, 32.946504
20.500388, 5.160142, 5.112675, 17.772884, 17.509145
26.357642, 3.168073, 3.174210, 10.639085, 10.585041
32.214896, 2.057374, 2.054273, 6.829913, 6.797096
38.072150, 1.414484, 1.422837, 4.688089, 4.721147
43.929403, 1.013497, 1.043203, 3.385777, 3.499799
49.786657, 0.796567, 0.807469, 2.622234, 2.720817
55.643911, 0.627897, 0.641506, 2.103084, 2.209923
61.501165, 0.504768, 0.569860, 1.593023, 1.860464
67.358419, 0.411014, 0.476109, 1.303682, 1.574781
73.215672, 0.384989, 0.408548, 1.187343, 1.335087
79.072926, 0.355016, 0.357401, 1.101581, 1.176765
84.930180, 0.290767, 0.333068, 0.981728, 1.054597
90.787434, 0.282823, 0.302667, 0.879343, 0.965253
96.644688, 0.272763, 0.278566, 0.789552, 0.871856
102.501941, 0.236462, 0.246614, 0.693332, 0.802086
108.359195, 0.220655, 0.226458, 0.689238, 0.754069
114.216449, 0.188184, 0.202695, 0.652926, 0.695417
120.073703, 0.020800, 0.197475, 0.513571, 0.645013
125.930957, 0.048783, 0.179969, 0.459974, 0.600572
131.788210, 0.117443, 0.168334, 0.446753, 0.553406
137.645464, 0.122895, 0.160732, 0.433576, 0.517142
143.502718, 0.141750, 0.149822, 0.447639, 0.484211
149.359972, 0.142206, 0.146415, 0.423159, 0.458043
155.217226, 0.115566, 0.130985, 0.371324, 0.433931
161.074479, 0.129508, 0.127045, 0.380123, 0.415005
166.931733, 0.120071, 0.121920, 0.339699, 0.394076
172.788987, 0.101293, 0.110816, 0.305819, 0.382678
178.646241, 0.105533, 0.107763, 0.333337, 0.364504
184.503494, 0.097185, 0.109875, 0.304256, 0.346011
190.360748, 0.096240, 0.098739, 0.273401, 0.324975
196.218002, 0.101563, 0.093267, 0.280623, 0.305819
202.075256, 0.104919, 0.091547, 0.298940, 0.300399
207.932510, 0.098903, 0.089602, 0.288909, 0.295433
213.789763, 0.087477, 0.081445, 0.277380, 0.277820
219.647017, 0.085145, 0.079968, 0.278629, 0.277936
225.504271, 0.096592, 0.084002, 0.271612, 0.271175
231.361525, 0.090691, 0.083123, 0.252850, 0.269144
237.218779, 0.080024, 0.079658, 0.226966, 0.256963
243.076032, 0.070423, 0.077567, 0.228725, 0.243675
248.933286, 0.090775, 0.077246, 0.242091, 0.234521
254.790540, 0.095391, 0.077132, 0.245932, 0.234214
260.647794, 0.083249, 0.069347, 0.227191, 0.224737
266.505048, 0.066812, 0.063303, 0.195107, 0.218923
272.362301, 0.063827, 0.061672, 0.190867, 0.208140
278.219555, 0.060923, 0.059507, 0.180096, 0.199969
284.076809, 0.060671, 0.057504, 0.175369, 0.195338
289.934063, 0.037901, 0.050955, 0.135163, 0.188046
295.791317, 0.060508, 0.050590, 0.176376, 0.183513
301.648570, 0.059990, 0.050412, 0.183935, 0.183934
307.505824, 0.060675, 0.053157, 0.180180, 0.184233
313.363078, 0.052268, 0.048087, 0.170939, 0.176999
319.220332, 0.057473, 0.047425, 0.170825, 0.168821
325.077586, 0.051234, 0.045359, 0.154451, 0.164661
330.934839, 0.030576, 0.044452, 0.099272, 0.159351
336.792093, 0.033111, 0.039920, 0.121449, 0.156086
342.649347, 0.037381, 0.038197, 0.149223, 0.157218
348.506601, 0.028476, 0.040713, 0.160176, 0.157654
354.363854, 0.011401, 0.035219, 0.118564, 0.151694
360.221108, 0.021426, 0.033971, 0.137009, 0.145671
366.078362, 0.042357, 0.032401, 0.150842, 0.143537
371.935616, 0.045958, 0.032801, 0.152777, 0.145403
377.792870, 0.039507, 0.032726, 0.138247, 0.142314
383.650123, 0.034812, 0.031401, 0.126318, 0.135908
389.507377, 0.025342, 0.028033, 0.131963, 0.132268
395.364631, 0.024705, 0.028770, 0.144335, 0.131797
401.221885, 0.024528, 0.026890, 0.132199, 0.127348
407.079139, 0.023565, 0.023750, 0.112207, 0.121694
412.936392, 0.020311, 0.023929, 0.103106, 0.123438
418.793646, 0.012466, 0.025487, 0.093187, 0.122705
424.650900, 0.000622, 0.022088, 0.081823, 0.119835
430.508154, -0.004514, 0.024053, 0.069575, 0.115168
436.365408, 0.025606, 0.023999, 0.114468, 0.116157
442.222661, 0.027327, 0.022439, 0.121454, 0.119950
448.079915, 0.008950, 0.019318, 0.116389, 0.111832
453.937169, 0.014620, 0.021533, 0.090979, 0.105517
459.794423, 0.025775, 0.018143, 0.099568, 0.104315
465.651677, 0.031858, 0.014659, 0.105608, 0.103924
471.508930, 0.034960, 0.018081, 0.111470, 0.107115
477.366184, 0.012582, 0.014606, 0.086441, 0.103202
483.223438, -0.009132, 0.015071, 0.069384, 0.097062
489.080692, 0.011109, 0.010093, 0.082704, 0.095344
494.937946, 0.023116, 0.013508, 0.104366, 0.096600
500.795199, 0.026969, 0.014429, 0.106497, 0.092628
506.652453, 0.030888, 0.019116, 0.098256, 0.088339
512.509707, 0.018952, 0.019753, 0.088959, 0.089576
518.366961, 0.021217, 0.016142, 0.090580, 0.092464
524.224214, 0.027145, 0.017854, 0.083698, 0.093880
530.081468, 0.017389, 0.020298, 0.075717, 0.095967
535.938722, 0.007018, 0.018398, 0.061803, 0.089687
541.795976, 0.016026, 0.016372, 0.079825, 0.086053
547.653230, 0.033469, 0.021650, 0.102644, 0.093027
553.510483, 0.029751, 0.022824, 0.098391, 0.093720
559.367737, 0.018947, 0.016032, 0.080772, 0.090464
565.224991, 0.014190, 0.014202, 0.078371, 0.082347
571.082245, 0.022258, 0.018868, 0.085802, 0.081444
576.939499, 0.021794, 0.016100, 0.092098, 0.085743
582.796752, 0.027424, 0.017330, 0.093533, 0.087428
588.654006, 0.030090, 0.017160, 0.086234, 0.077905
594.511260, 0.025797, 0.013948, 0.075752, 0.080574
600.368514, 0.020721, 0.015197, 0.069872, 0.081083
606.225768, 0.006398, 0.013940, 0.057560, 0.077111
612.083021, 0.019533, 0.014043, 0.069236, 0.076560
617.940275, 0.021305, 0.015340, 0.061197, 0.073775
623.797529, 0.024869, 0.015547, 0.072855, 0.076921
629.654783, 0.021732, 0.014896, 0.082161, 0.073790
635.512037, 0.013304, 0.016868, 0.078076, 0.079913
641.369290, 0.016186, 0.018794, 0.083097, 0.074322
647.226544, 0.018182, 0.015540, 0.079105, 0.072511
653.083798, 0.012051, 0.012781, 0.057703, 0.072838
658.941052, 0.012993, 0.017583, 0.062406, 0.072617
664.798306, 0.013825, 0.016913, 0.075084, 0.076610
670.655559, 0.005257, 0.016475, 0.062600, 0.072611
676.512813, -0.002450, 0.015556, 0.045946, 0.070148
682.370067, -0.004519, 0.016605, 0.020480, 0.069195
688.227321, 0.003589, 0.016405, 0.042351, 0.067047
694.084574, -0.003289, 0.017529, 0.053325, 0.068627
699.941828, 0.029337, 0.019203, 0.061985, 0.067590
705.799082, 0.041040, 0.014725, 0.061779, 0.065762
711.656336, 0.019701, 0.017379, 0.046716, 0.064010
717.513590, 0.020891, 0.019183, 0.048861, 0.068774
723.370843, 0.024108, 0.013620, 0.070472, 0.068308
729.228097, 0.021092, 0.011717, 0.066830, 0.062705
735.085351, 0.004567, 0.015972, 0.052005, 0.065795
740.942605, 0.026008, 0.018384, 0.068075, 0.061846
746.799859, 0.021857, 0.016579, 0.070757, 0.063894
752.657112, 0.008613, 0.016732, 0.069903, 0.063366
758.514366, 0.010972, 0.020116, 0.069349, 0.063549
764.371620, -0.002913, 0.013879, 0.042245, 0.063970
770.228874, -0.012178, 0.013758, 0.027106, 0.064147
776.086128, -0.010507, 0.014360, 0.053114, 0.066099
781.943381, 0.009546, 0.015738, 0.074198, 0.066294
787.800635, 0.019074, 0.018244, 0.069176, 0.067286
793.657889, 0.022035, 0.015866, 0.062493, 0.061851
799.515143, 0.020363, 0.014802, 0.055315, 0.063371
805.372397, 0.025779, 0.016411, 0.067969, 0.060867
811.229650, 0.022530, 0.015481, 0.067137, 0.060886
817.086904, 0.012809, 0.015976, 0.053603, 0.058741
822.944158, 0.025221, 0.016198, 0.065181, 0.062343
828.801412, 0.023440, 0.014787, 0.061766, 0.057645
834.658666, 0.014014, 0.015357, 0.044803, 0.056836
840.515919, 0.014883, 0.016470, 0.057872, 0.059893
846.373173, 0.014413, 0.017353, 0.061393, 0.058544
852.230427, 0.006309, 0.016526, 0.061266, 0.061350
858.087681, 0.009179, 0.015445, 0.060346, 0.058068
863.944934, 0.014610, 0.013875, 0.056188, 0.059046
869.802188, -0.004447, 0.015102, 0.027968, 0.055933
875.659442, 0.002991, 0.016972, 0.051524, 0.055518
881.516696, 0.014402, 0.013373, 0.054271, 0.053167
887.373950, 0.016946, 0.015854, 0.050091, 0.056841
893.231203, 0.007033, 0.013286, 0.063316, 0.056425
899.088457, 0.003576, 0.014852, 0.067269, 0.059822
904.945711, 0.021121, 0.016747, 0.062266, 0.056929
910.802965, 0.022583, 0.014387, 0.051863, 0.053133
916.660219, 0.026855, 0.014414, 0.070487, 0.055771
922.517472, 0.015942, 0.015108, 0.059865, 0.056614
928.374726, 0.009870, 0.016943, 0.064836, 0.054892
934.231980, 0.006780, 0.014684, 0.048727, 0.051660
940.089234, 0.018173, 0.012479, 0.059603, 0.049580
945.946488, 0.011423, 0.013673, 0.066534, 0.049748
951.803741, -0.004442, 0.012936, 0.050578, 0.052589
957.660995, 0.005145, 0.013397, 0.038374, 0.053450
963.518249, 0.008649, 0.011409, 0.034671, 0.051596
969.375503, 0.015635, 0.015489, 0.036681, 0.052214
975.232757, 0.006882, 0.014749, 0.028839, 0.052952
981.090010, 0.007290, 0.015627, 0.038799, 0.052555
986.947264, 0.010482, 0.013639, 0.057628, 0.052917
992.804518, 0.004008, 0.012150, 0.036104, 0.047198
998.661772, 0.008531, 0.014403, 0.036896, 0.050522
1004.519025, 0.007705, 0.015645, 0.047465, 0.048205
1010.376279, -0.008115, 0.014707, 0.044075, 0.049585
1016.233533, -0.005593, 0.013699, 0.048901, 0.047950
1022.090787, 0.006651, 0.011969, 0.046776, 0.047691
1027.948041, 0.008355, 0.012126, 0.036485, 0.046924
1033.805294, 0.005968, 0.014298, 0.038999, 0.046812
1039.662548, 0.012614, 0.014330, 0.048305, 0.045535
1045.519802, 0.020743, 0.010037, 0.058327, 0.041604
1051.377056, 0.018864, 0.013690, 0.051902, 0.047910
1057.234310, 0.010260, 0.014689, 0.046326, 0.048571
1063.091563, 0.001505, 0.014844, 0.042052, 0.045015
1068.948817, 0.003583, 0.014883, 0.038885, 0.047678
1074.806071, 0.011169, 0.013752, 0.051402, 0.047836
1080.663325, 0.007747, 0.015036, 0.048587, 0.042743
1086.520579, -0.000017, 0.011345, 0.044463, 0.041863
1092.377832, 0.014938, 0.012091, 0.051064, 0.040426
1098.235086, 0.019143, 0.011488, 0.057710, 0.042647
1104.092340, 0.013672, 0.011689, 0.047942, 0.040337
1109.949594, 0.002215, 0.009468, 0.029684, 0.041156
1115.806848, 0.003531, 0.010988, 0.046240, 0.041746
1121.664101, 0.000343, 0.010188, 0.064295, 0.039484
1127.521355, 0.006907, 0.011950, 0.046768, 0.037795
1133.378609, 0.012893, 0.014834, 0.036009, 0.039678
1139.235863, 0.023256, 0.012579, 0.056346, 0.040759
1145.093117, 0.009381, 0.009935, 0.045220, 0.039680
1150.950370, 0.005594, 0.008945, 0.052167, 0.039227
1156.807624, 0.017276, 0.010572, 0.061194, 0.036707
1162.664878, 0.019245, 0.009217, 0.049949, 0.039373
1168.522132, 0.025901, 0.010488, 0.057162, 0.039121
1174.379385, 0.008483, 0.009234, 0.042682, 0.039549
1180.236639, -0.005529, 0.008963, 0.028023, 0.034585
1186.093893, 0.006398, 0.007898, 0.029913, 0.035041
1191.951147, 0.007181, 0.010025, 0.028899, 0.039421
1197.808401, 0.003339, 0.011429, 0.035390, 0.036422
1203.665654, -0.000140, 0.008270, 0.033815, 0.038187
1209.522908, 0.000395, 0.011512, 0.016231, 0.037690
1215.380162, -0.000626, 0.012195, 0.022459, 0.036616
1221.237416, 0.013973, 0.010456, 0.043585, 0.036420
1227.094670, 0.023815, 0.008720, 0.053208, 0.033915
1232.951923, 0.011001, 0.009135, 0.043386, 0.033796
1238.809177, 0.000967, 0.007603, 0.049591, 0.033090
1244.666431, 0.012651, 0.007355, 0.047789, 0.036725
1250.523685, 0.018876, 0.008342, 0.053461, 0.037210
1256.380939, 0.001256, 0.007453, 0.026710, 0.035931
1262.238192, 0.010077, 0.008912, 0.036548, 0.033921
1268.095446, 0.020884, 0.009670, 0.045279, 0.035758
1273.952700, 0.021028, 0.011900, 0.028136, 0.038129
1279.809954, 0.015305, 0.012560, 0.047208, 0.036972
1285.667208, 0.014626, 0.009836, 0.052929, 0.037341
1291.524461, 0.005528, 0.006808, 0.037624, 0.033140
1297.381715, -0.000428, 0.007363, 0.033682, 0.032950
1303.238969, 0.001216, 0.009976, 0.030085, 0.035489
1309.096223, 0.018200, 0.009914, 0.049196, 0.037528
1314.953477, 0.021811, 0.009747, 0.048261, 0.035456
1320.810730, 0.012614, 0.008168, 0.038441, 0.030928
1326.667984, -0.001965, 0.005015, 0.017035, 0.030588
1332.525238, 0.008401, 0.004665, 0.022079, 0.030486
1338.382492, 0.013988, 0.006615, 0.033644, 0.031036
1344.239745, 0.019241, 0.009745, 0.052098, 0.032253
1350.096999, 0.020544, 0.008811, 0.053739, 0.032964
1355.954253, 0.017532, 0.005755, 0.045457, 0.030884
1361.811507, 0.015235, 0.005530, 0.035107, 0.028994
1367.668761, 0.003235, 0.006670, 0.036625, 0.032073
1373.526014, -0.003808, 0.002706, 0.025486, 0.030731
1379.383268, 0.012508, 0.003894, 0.038933, 0.029113
1385.240522, 0.006739, 0.005566, 0.028418, 0.026472
1391.097776, 0.000431, 0.005906, 0.020919, 0.025906
1396.955030, 0.001691, 0.004625, 0.030065, 0.025781
1402.812283, -0.013475, 0.005060, 0.024928, 0.025314
1408.669537, -0.000405, 0.004965, 0.028865, 0.023219
1414.526791, -0.002391, 0.003422, 0.028592, 0.022676
1420.384045, -0.003916, 0.001367, 0.027108, 0.024214
1426.241299, 0.000904, 0.001900, 0.017539, 0.023101
1432.098552, 0.003736, 0.001360, 0.020249, 0.018850
1437.955806, 0.006580, -0.000445, 0.023665, 0.023444
1443.813060, -0.004702, 0.000555, -0.001402, 0.022458
1449.670314, -0.003428, -0.000225, 0.004389, 0.021095
1455.527568, 0.001805, 0.000532, 0.009922, 0.019196
1461.384821, 0.008983, 0.002101, 0.021287, 0.018109
1467.242075, 0.006316, -0.000986, 0.019787, 0.015944
1473.099329, 0.002088, -0.000176, 0.019753, 0.015769
1478.956583, -0.001764, 0.000040, 0.027866, 0.017398
1484.813837, 0.002299, -0.000390, 0.020990, 0.015608
1490.671090, 0.004541, -0.001344, 0.017586, 0.016008
1496.528344, 0.005331, -0.000106, 0.019937, 0.015274
1502.385598, 0.004412, -0.002331, 0.024062, 0.011392
1508.242852, 0.005979, -0.003988, 0.023210, 0.010879
1514.100105, 0.006761, -0.002674, 0.030666, 0.014849
1519.957359, 0.007416, -0.002537, 0.023930, 0.012829
1525.814613, -0.002012, -0.001899, 0.008912, 0.012855
1531.671867, -0.012178, -0.001838, -0.006478, 0.013825
1537.529121, -0.002510, -0.000248, 0.005748, 0.012088
1543.386374, 0.004034, -0.002006, 0.021295, 0.012773
1549.243628, 0.005337, -0.003770, 0.024294, 0.012393
1555.100882, 0.000618, -0.000480, 0.013710, 0.009539
